full,letter,short,comp,mono mass,avg mass,G,A,S,P,V,T,C,L,I,N,D,Q,K,E,M,H,F,U,R,Y,W,O
glycine,G,GLY,C2H3NO,57.021463735,57.05132,114.04292747,128.05857754,144.05349217,154.07422760999998,156.08987768,158.06914224,160.03064824,170.10552775,170.10552775,171.064391205,172.0484068,185.08004127499999,185.116426785,186.06405687,188.06194838,194.08037561,204.08987768,207.97509714,213.12257478499998,220.08479231,243.100776715,294.16919066
alanine,A,ALA,C3H5NO,71.037113805,71.0779,128.05857754,142.07422761,158.06914224000002,168.08987768,170.10552775000002,172.08479231,174.04629831,184.12117782,184.12117782,185.08004127499999,186.06405687,199.09569134499998,199.13207685499998,200.07970694,202.07759844999998,208.09602568000003,218.10552775000002,221.99074721,227.13822485499998,234.10044238,257.116426785,308.18484073
serine,S,SER,C3H5NO2,87.032028435,87.0773,144.05349217,158.06914224000002,174.06405687,184.08479231,186.10044238,188.07970694,190.04121293999998,200.11609245,200.11609245,201.074955905,202.05897149999998,215.090605975,215.126991485,216.07462157,218.07251308,224.09094031,234.10044238,237.98566184,243.133139485,250.09535701000001,273.11134141499997,324.17975536
proline,P,PRO,C5H7NO,97.052763875,97.11518,154.07422760999998,168.08987768,184.08479231,194.10552775,196.12117782,198.10044238,200.06194838,210.13682789,210.13682789,211.09569134499998,212.07970694,225.11134141499997,225.14772692499997,226.09535701,228.09324851999997,234.11167575000002,244.12117782,248.00639728,253.15387492499997,260.11609245,283.132076855,334.2004908
valine,V,VAL,C5H9NO,99.068413945,99.13106,156.08987768,170.10552775000002,186.10044238,196.12117782,198.13682789,200.11609245,202.07759844999998,212.15247796,212.15247796,213.111341415,214.09535701,227.126991485,227.163376995,228.11100708,230.10889859,236.12732582,246.13682789,250.02204735,255.169524995,262.13174252,285.14772692500003,336.21614087
threonine,T,THR,C4H7NO2,101.047678505,101.10388,158.06914224,172.08479231,188.07970694,198.10044238,200.11609245,202.09535701,204.05686300999997,214.13174252,214.13174252,215.090605975,216.07462156999998,229.10625604499998,229.14264155499998,230.09027164,232.08816314999999,238.10659038,248.11609245,252.00131191,257.148789555,264.11100708000004,287.12699148499996,338.19540543
cysteine,C,CYS,C3H5NOS,103.009184505,103.1429,160.03064824,174.04629831,190.04121293999998,200.06194838,202.07759844999998,204.05686300999997,206.01836901,216.09324851999997,216.09324851999997,217.052111975,218.03612757,231.067762045,231.104147555,232.05177764,234.04966915,240.06809638,250.07759844999998,253.96281791,259.110295555,266.07251308,289.088497485,340.15691143
leucine,L,LEU,C6H11NO,113.084064015,113.15764,170.10552775,184.12117782,200.11609245,210.13682789,212.15247796,214.13174252,216.09324851999997,226.16812803,226.16812803,227.126991485,228.11100707999998,241.14264155499998,241.17902706499999,242.12665715,244.12454866,250.14297589,260.15247796,264.03769742,269.18517506499995,276.14739259,299.163376995,350.23179094
isoleucine,I,ILE,C6H11NO,113.084064015,113.15764,170.10552775,184.12117782,200.11609245,210.13682789,212.15247796,214.13174252,216.09324851999997,226.16812803,226.16812803,227.126991485,228.11100707999998,241.14264155499998,241.17902706499999,242.12665715,244.12454866,250.14297589,260.15247796,264.03769742,269.18517506499995,276.14739259,299.163376995,350.23179094
asparagine,N,ASN,C4H6N2O2,114.04292747,114.10264,171.064391205,185.08004127499999,201.074955905,211.09569134499998,213.111341415,215.090605975,217.052111975,227.126991485,227.126991485,228.08585494,229.069870535,242.10150500999998,242.13789051999998,243.085520605,245.083412115,251.101839345,261.11134141499997,264.996560875,270.14403852,277.106256045,300.12224045,351.190654395
aspartic acid,D,ASP,C4H5NO3,115.026943065,115.0874,172.0484068,186.06405687,202.05897149999998,212.07970694,214.09535701,216.07462156999998,218.03612757,228.11100707999998,228.11100707999998,229.069870535,230.05388613,243.085520605,243.121906115,244.06953620000002,246.06742771,252.08585494,262.09535701,265.98057647,271.128054115,278.09027164,301.106256045,352.17466999
glutamine,Q,GLN,C5H8N2O2,128.05857754,128.12922,185.08004127499999,199.09569134499998,215.090605975,225.11134141499997,227.126991485,229.10625604499998,231.067762045,241.14264155499998,241.14264155499998,242.10150500999998,243.085520605,256.11715508,256.15354059,257.101170675,259.099062185,265.117489415,275.12699148499996,279.012210945,284.15968859,291.121906115,314.13789052,365.206304465
lysine,K,LYS,C6H12N2O,128.09496305,128.17228,185.116426785,199.13207685499998,215.126991485,225.14772692499997,227.163376995,229.14264155499998,231.104147555,241.17902706499999,241.17902706499999,242.13789051999998,243.121906115,256.15354059,256.1899261,257.137556185,259.135447695,265.15387492499997,275.163376995,279.048596455,284.1960741,291.158291625,314.17427603,365.24268997499996
glutamic acid,E,GLU,C5H7NO3,129.042593135,129.11398,186.06405687,200.07970694,216.07462157,226.09535701,228.11100708,230.09027164,232.05177764,242.12665715,242.12665715,243.085520605,244.06953620000002,257.101170675,257.137556185,258.08518627,260.08307778,266.10150501,276.11100708000004,279.99622654,285.143704185,292.10592171,315.121906115,366.19032006
methionine,M,MET,C5H9NOS,131.040484645,131.19606,188.06194838,202.07759844999998,218.07251308,228.09324851999997,230.10889859,232.08816314999999,234.04966915,244.12454866,244.12454866,245.083412115,246.06742771,259.099062185,259.135447695,260.08307778,262.08096929,268.09939652,278.10889858999997,281.99411805,287.141595695,294.10381322,317.119797625,368.18821157
histidine,H,HIS,C6H7N3O,137.058911875,137.13928,194.08037561,208.09602568000003,224.09094031,234.11167575000002,236.12732582,238.10659038,240.06809638,250.14297589,250.14297589,251.101839345,252.08585494,265.117489415,265.15387492499997,266.10150501,268.09939652,274.11782375,284.12732582,288.01254528000004,293.160022925,300.12224045000005,323.138224855,374.2066388
phenylalanine,F,PHE,C9H9NO,147.068413945,147.17386,204.08987768,218.10552775000002,234.10044238,244.12117782,246.13682789,248.11609245,250.07759844999998,260.15247796,260.15247796,261.11134141499997,262.09535701,275.12699148499996,275.163376995,276.11100708000004,278.10889858999997,284.12732582,294.13682789,298.02204735,303.16952499499996,310.13174252,333.14772692500003,384.21614087
selenocysteine,U,SEC,C3H5NOSe,150.953633405,150.3079,207.97509714,221.99074721,237.98566184,248.00639728,250.02204735,252.00131191,253.96281791,264.03769742,264.03769742,264.996560875,265.98057647,279.012210945,279.048596455,279.99622654,281.99411805,288.01254528000004,298.02204735,301.90726681,307.054744455,314.01696198,337.032946385,388.10136033000003
arginine,R,ARG,C6H12N4O,156.10111105,156.18568,213.12257478499998,227.13822485499998,243.133139485,253.15387492499997,255.169524995,257.148789555,259.110295555,269.18517506499995,269.18517506499995,270.14403852,271.128054115,284.15968859,284.1960741,285.143704185,287.141595695,293.160022925,303.16952499499996,307.054744455,312.2022221,319.164439625,342.18042403,393.248837975
tyrosine,Y,TYR,C9H9NO2,163.063328575,163.17326,220.08479231,234.10044238,250.09535701000001,260.11609245,262.13174252,264.11100708000004,266.07251308,276.14739259,276.14739259,277.106256045,278.09027164,291.121906115,291.158291625,292.10592171,294.10381322,300.12224045000005,310.13174252,314.01696198,319.164439625,326.12665715,349.142641555,400.21105550000004
tryptophan,W,TRP,C11H10N2O,186.07931298,186.2099,243.100776715,257.116426785,273.11134141499997,283.132076855,285.14772692500003,287.12699148499996,289.088497485,299.163376995,299.163376995,300.12224045,301.106256045,314.13789052,314.17427603,315.121906115,317.119797625,323.138224855,333.14772692500003,337.032946385,342.18042403,349.142641555,372.15862596,423.22703990499997
pyrrolysine,O,PYL,C12H19N3O2,237.147726925,237.29816,294.16919066,308.18484073,324.17975536,334.2004908,336.21614087,338.19540543,340.15691143,350.23179094,350.23179094,351.190654395,352.17466999,365.206304465,365.24268997499996,366.19032006,368.18821157,374.2066388,384.21614087,388.10136033000003,393.248837975,400.21105550000004,423.22703990499997,474.29545385
